10 62
20 90
30 210
40 223
50 262
60 278
70 369
80 444
90 478
100 528
110 892
120 1424
130 796
140 819
150 899
160 1030
170 1227
180 953
190 1067
200 1317
210 2544
220 1440
230 2416
240 1436
250 1541
260 1707
270 2226
280 1558
290 1974
300 2009
310 1893
320 3921
330 2364
340 4707
350 5475
360 2132
370 2244
380 2874
390 2281
400 3138
410 3216
420 5305
430 2886
440 3556
450 3251
460 3092
470 5018
480 9463
490 3775
500 4662
510 3896
520 4598
530 4984
540 5540
550 4287
560 4569
570 5303
580 5022
590 5521
600 4577
610 4235
620 5714
630 5983
640 10002
650 5399
660 4869
670 5611
680 14511
690 4952
700 6697
710 4804
720 5449
730 5782
740 7286
750 5766
760 5529
770 7336
780 6455
790 9200
800 6504
810 5897
820 6509
830 16698
840 6699
850 8197
860 6474
870 6755
880 8260
890 6945
900 9064
910 29331
920 10188
930 9398
940 8150
950 12628
960 8924
970 8394
980 8814
990 9539
1000 57742
1010 8867
1020 19261
1030 12132
1040 38944
1050 9374
1060 27055
1070 17994
1080 9386
1090 8686
1100 12401
1110 9563
1120 10020
1130 24162
1140 28854
1150 10002
1160 10506
1170 21569
1180 10113
1190 13631
1200 11111
1210 10260
1220 17327
1230 20407
1240 14327
1250 10030
1260 24427
1270 10399
1280 29511
1290 12125
1300 17482
1310 14889
1320 16732
1330 28026
1340 14063
1350 17914
1360 17981
1370 19940
1380 14416
1390 33183
1400 15480
1410 13153
1420 24153
1430 20798
1440 24115
1450 18667
1460 21980
1470 16808
1480 25686
1490 16935
1500 18501
1510 16782
1520 107341
1530 34716
1540 37478
1550 40015
1560 61807
1570 19176
1580 14827
1590 19483
1600 19230
1610 29418
1620 14897
1630 23964
1640 19584
1650 15354
1660 25125
1670 18503
1680 16752
1690 27841
1700 19818
1710 15351
1720 25213
1730 78331
1740 17038
1750 23260
1760 71937
1770 19629
1780 19270
1790 71962
1800 38247
1810 19857
1820 16746
1830 49247
1840 60305
1850 21613
1860 20782
1870 15715
1880 23665
1890 29304
1900 23324
1910 24899
1920 33521
1930 21398
1940 30104
1950 34286
1960 22496
1970 42405
1980 21850
1990 29005
2000 41871
2010 60215
2020 22550
2030 30118
2040 33203
2050 29330
2060 26730
2070 61741
2080 37386
2090 60890
2100 31548
2110 108166
2120 27426
2130 23982
2140 57077
2150 23621
2160 30415
