10 22
20 65
30 134
40 238
50 375
60 547
70 743
80 1036
90 1259
100 1525
110 1769
120 2068
130 2279
140 2697
150 3108
160 3579
170 4065
180 4591
190 5130
200 5928
210 6559
220 7180
230 7841
240 8548
250 9276
260 10016
270 10984
280 12037
290 12749
300 13773
310 14845
320 15836
330 16888
340 18113
350 19187
360 20469
370 21799
380 22761
390 24295
400 25728
410 27022
420 28648
430 30226
440 31635
450 32921
460 34749
470 41083
480 38634
490 39859
500 42016
510 43270
520 44957
530 47026
540 48798
550 51586
560 53014
570 55366
580 57452
590 60123
600 62023
610 64522
620 66719
630 69171
640 71102
650 73775
660 76373
670 78385
680 81310
690 83863
700 89540
710 89113
720 91169
730 93902
740 97327
750 100450
760 102251
770 105470
780 107999
790 110860
800 114502
810 118130
820 120975
830 126057
840 128028
850 131782
860 135378
870 138525
880 140384
890 145329
900 148326
910 151612
920 156107
930 159248
940 162226
950 167138
960 169960
970 173467
980 178164
990 181688
1000 185994
