10 11
20 25
30 29
40 42
50 88
60 69
70 86
80 175
90 105
100 127
110 162
120 166
130 187
140 226
150 277
160 275
170 300
180 279
190 300
200 292
210 359
220 510
230 536
240 1592
250 503
260 522
270 377
280 460
290 801
300 788
310 433
320 611
330 637
340 887
350 768
360 638
370 1049
380 693
390 899
400 1114
410 681
420 993
430 721
440 1171
450 3880
460 1245
470 785
480 1315
490 1750
500 2947
510 986
520 2018
530 2035
540 1869
550 4627
560 1093
570 1178
580 1430
590 3696
600 1220
610 3201
620 1554
630 1421
640 4106
650 2812
660 2053
670 2590
680 12699
690 2169
700 1626
710 2303
720 4703
730 2587
740 2954
750 2075
760 1868
770 3080
780 8732
790 8283
800 2116
810 2590
820 2355
830 3235
840 2213
850 2860
860 3043
870 2436
880 1978
890 2175
900 3839
910 4096
920 2021
930 13164
940 2889
950 4111
960 3474
970 22248
980 16173
990 3221
1000 2294
1010 4457
1020 2503
1030 4572
1040 2586
1050 2922
1060 3032
1070 3957
1080 4182
1090 16715
1100 4214
1110 6010
1120 4306
1130 7973
1140 3499
1150 5103
1160 4680
1170 20484
1180 4224
1190 10663
1200 3940
1210 4903
1220 4885
1230 8583
1240 3046
1250 4457
1260 8240
1270 5104
1280 4754
1290 4015
1300 9719
1310 28233
1320 34406
1330 12952
1340 6825
1350 4798
1360 5616
1370 11401
1380 3263
1390 3749
1400 7823
1410 13161
1420 8655
1430 8282
1440 6642
1450 5109
1460 8425
1470 5478
1480 10517
1490 24081
1500 7267
1510 6921
1520 12392
1530 5306
1540 13405
1550 12923
1560 13156
1570 10170
1580 7157
1590 6513
1600 4814
1610 6446
1620 13942
1630 8177
1640 5754
1650 5019
1660 5874
1670 8942
1680 7124
1690 58098
1700 7912
1710 6324
1720 33380
1730 32692
1740 10831
1750 5841
1760 5610
1770 7172
1780 9906
1790 7858
1800 20197
10 16
20 26
30 43
40 52
50 43
60 86
70 62
80 165
90 115
100 156
110 145
120 140
130 160
140 163
150 156
160 251
170 348
180 286
190 248
200 245
210 241
220 334
230 287
240 693
250 354
260 396
270 431
280 349
290 633
300 467
310 775
320 1495
330 672
340 583
350 998
360 849
370 490
380 725
390 795
400 1096
410 585
420 813
430 641
440 571
450 2002
460 806
470 1430
480 1506
490 1485
500 860
510 760
520 1657
530 1808
540 1413
550 1872
560 1055
570 902
580 1288
590 1541
600 1456
610 986
620 2086
630 1973
640 955
650 1694
660 3585
670 1298
680 1920
690 3809
700 1595
710 1786
720 6241
730 2249
740 1633
750 9132
760 2702
770 2166
780 4709
790 1332
800 2098
810 2548
820 1847
830 1499
840 2214
850 6790
860 2457
870 4010
880 2000
890 1908
900 1817
910 3068
920 2111
930 3330
940 3602
950 8553
960 5649
970 2308
980 5338
990 3019
1000 9295
1010 2897
1020 5150
1030 2536
1040 1863
1050 5542
1060 4375
1070 2454
1080 8283
1090 8361
1100 3901
1110 2848
1120 2309
1130 5651
1140 2335
1150 12756
1160 4293
1170 2192
1180 2873
1190 22231
1200 4711
1210 18603
1220 5318
1230 6674
1240 3325
1250 4502
1260 2563
1270 3276
1280 6895
1290 3441
1300 13560
1310 3132
1320 3359
1330 4788
1340 8079
1350 7271
1360 3570
1370 5086
1380 7908
1390 10174
1400 5748
1410 19934
1420 5116
1430 8278
1440 5415
1450 3239
1460 6805
1470 4511
1480 4145
1490 5726
1500 4422
1510 34933
1520 14917
1530 4653
1540 15616
1550 4764
1560 5999
1570 27540
1580 4652
1590 6408
1600 8560
1610 5644
1620 9831
1630 7396
1640 6916
1650 9578
1660 11638
1670 5057
1680 18510
1690 7774
1700 14750
1710 5738
1720 24722
1730 5031
1740 20972
1750 9479
1760 6128
1770 7147
1780 12266
1790 5774
1800 6164
1810 8625
1820 4681
1830 8627
1840 43415
1850 16152
1860 7977
1870 13231
1880 9404
1890 8231
1900 5846
1910 8033
1920 41846
1930 33131
1940 16529
1950 14425
1960 16450
1970 8839
1980 19041
1990 62607
2000 5500
2010 16874
2020 8223
2030 70811
2040 51704
2050 51605
2060 10804
2070 8402
2080 9387
2090 11729
2100 5018
2110 31116
2120 17442
2130 10683
2140 22957
2150 20375
2160 9325
2170 10832
2180 8606
2190 7717
2200 12983
2210 55830
2220 33677
2230 7599
2240 12136
2250 82933
2260 39416
2270 47064
2280 13752
2290 20558
2300 16799
2310 10530
2320 23834
2330 23355
2340 15514
2350 21815
2360 7087
2370 50669
2380 29609
2390 13077
2400 88235
2410 31243
2420 46044
2430 13717
2440 28022
2450 21475
2460 33004
2470 12212
2480 7063
2490 46920
2500 38565
2510 19431
2520 32891
2530 18363
2540 12024
2550 52308
2560 14201
2570 13071
2580 8121
2590 102085
2600 14459
2610 13765
2620 10463
2630 24263
2640 13813
2650 19822
2660 49492
2670 8483
2680 82948
2690 18244
2700 17929
2710 18051
2720 8315
2730 14283
2740 138246
2750 64637
2760 18969
2770 10894
2780 11254
2790 13137
2800 45440
2810 48830
2820 11059
2830 38254
2840 16197
2850 19202
2860 16629
2870 50678
2880 12387
2890 73353
2900 7300
2910 23219
2920 14368
2930 26326
2940 23607
2950 80536
2960 75187
2970 83332
2980 15593
2990 12085
3000 16271
3010 30298
3020 22922
3030 58069
3040 33462
3050 30699
3060 16166
3070 18312
3080 12881
3090 16076
3100 20211
3110 11636
3120 14662
3130 16785
3140 118812
3150 13758
3160 120295
3170 21059
3180 35495
3190 11264
3200 38718
3210 11646
3220 23365
3230 37951
3240 46465
3250 19801
3260 37897
3270 21407
3280 68965
3290 52536
3300 16099
3310 16963
3320 15213
3330 10124
3340 102128
3350 18869
3360 19622
